#timestamp x y z qx qy qz qw
1787960975.622754 -0.000000 -0.000000 0.000000 0.000000 -0.000000 -0.000000 1.000000
1787960995.122781 0.312157 -0.000265 0.000000 0.000000 0.000000 -0.004599 0.999989


1787961004.223341 2.612633 -0.167171 0.000000 0.000000 0.000000 -0.043831 0.999039


1787961131.722715 35.854591 -5.787239 0.000000 0.000000 0.000000 -0.163150 0.986601
1787961133.922746 36.733238 -6.092486 0.000000 0.000000 0.000000 -0.158325 0.987387


# 1er GIRO IZQUIERDA  
1787961140.222748 39.407871 -6.556553 0.000000 0.000000 0.000000 -0.065485 0.997854
1787961142.322777 40.301083 -6.699477 0.000000 0.000000 0.000000 -0.076494 0.997070
1787961144.323172 41.149517 -6.818929 0.000000 0.000000 0.000000 -0.074796 0.997199
1787961149.622730 41.564884 -6.916954 0.000000 0.000000 0.000000 0.636003 0.771686
1787961152.722792 41.683300 -6.398702 0.000000 0.000000 0.000000 0.649768 0.760133
1787961160.522875 42.044933 -4.170229 0.000000 0.000000 0.000000 0.672812 0.739813

# FIN 1ER GIRO IZQUIERDA


# MITAD PASILLO
1787961186.422773 42.421997 7.148550 0.000000 0.000000 0.000000 0.718149 0.695889


# COMIENZO GIRO IZQUIERDA
1787961213.922753 41.787445 19.114393 0.000000 0.000000 0.000000 0.741039 0.671462
1787961218.022726 41.633804 20.879225 0.000000 0.000000 0.000000 0.733660 0.679517
1787961223.422766 41.500019 22.361341 0.000000 0.000000 0.000000 0.799313 0.600915
1787961225.522747 41.508068 22.342966 0.000000 0.000000 0.000000 0.987924 0.154937
1787961228.722728 41.156872 22.506571 0.000000 0.000000 0.000000 0.975470 0.220133
1787961230.722928 40.359924 22.644802 0.000000 0.000000 0.000000 0.999836 -0.018106
1787961234.923044 38.521725 22.817810 0.000000 0.000000 0.000000 0.999714 0.023915
# FIN GIRO IZQUIERDA


# MITAD PASILLO 
1787961257.722947 28.579874 22.303785 0.000000 0.000000 0.000000 0.996950 -0.078039

# INICIO SEGUNDO GIRO
1787961286.722751 16.960108 20.706266 0.000000 0.000000 0.000000 0.999815 -0.019256
1787961291.023842 15.097227 20.618065 0.000000 0.000000 0.000000 0.999018 -0.044308
1787961292.322924 14.485489 20.571363 0.000000 0.000000 0.000000 0.999611 -0.027884
1787961295.622990 13.064864 20.533100 0.000000 0.000000 0.000000 0.999944 -0.010545
1787961296.922973 12.593660 20.531881 0.000000 0.000000 0.000000 0.999533 0.030556
1787961299.023073 12.613516 20.539169 0.000000 0.000000 0.000000 0.981960 -0.189087
1787961311.722758 11.801777 17.570183 0.000000 0.000000 0.000000 -0.709423 0.704783
# GIRO IZQUIERDA


# PASILLO
1787961328.422757 12.481101 10.304839 0.000000 0.000000 0.000000 -0.642326 0.766431

# INICIO DE GIRO
1787961347.323635 14.404680 3.338563 0.000000 0.000000 0.000000 -0.551304 0.834304
1787961348.422743 14.574993 2.942468 0.000000 0.000000 0.000000 -0.538861 0.842395
1787961349.422779 14.793701 2.546609 0.000000 0.000000 0.000000 -0.484016 0.875059
1787961058.622720 16.605032 -2.264846 0.000000 0.000000 0.000000 -0.126288 0.991994
1787961008.522816 4.056083 -0.340229 0.000000 0.000000 0.000000 -0.074953 0.997187
