#timestamp x y z qx qy qz qw
1787960975.622754 -0.000000 -0.000000 0.000000 0.000000 -0.000000 -0.000000 1.000000
1787960995.122781 0.312157 -0.000265 0.000000 0.000000 0.000000 -0.004599 0.999989
1787960996.222748 0.916750 -0.013587 0.000000 0.000000 0.000000 -0.012987 0.999916
1787960997.223389 1.034055 -0.016617 0.000000 0.000000 0.000000 -0.012818 0.999918
1787960999.722859 1.165295 -0.022620 0.000000 0.000000 0.000000 -0.028390 0.999597
1787961000.822888 1.521179 -0.056860 0.000000 0.000000 0.000000 -0.053327 0.998577
1787961001.922772 1.928234 -0.099603 0.000000 0.000000 0.000000 -0.052371 0.998628
1787961003.023114 2.338523 -0.142741 0.000000 0.000000 0.000000 -0.047603 0.998866
1787961004.223341 2.612633 -0.167171 0.000000 0.000000 0.000000 -0.043831 0.999039
1787961005.323692 2.837589 -0.189978 0.000000 0.000000 0.000000 -0.052437 0.998624
1787961006.423056 3.267221 -0.235201 0.000000 0.000000 0.000000 -0.059536 0.998226
1787961007.423398 3.594813 -0.274801 0.000000 0.000000 0.000000 -0.061427 0.998112
1787961008.522816 4.056083 -0.340229 0.000000 0.000000 0.000000 -0.074953 0.997187
1787961009.627604 4.387401 -0.391952 0.000000 0.000000 0.000000 -0.082108 0.996623
1787961010.724504 4.777744 -0.462381 0.000000 0.000000 0.000000 -0.092509 0.995712
1787961011.822726 5.228735 -0.532938 0.000000 0.000000 0.000000 -0.054499 0.998514
1787961012.922889 5.736033 -0.592721 0.000000 0.000000 0.000000 -0.060437 0.998172
1787961014.122799 6.248312 -0.648219 0.000000 0.000000 0.000000 -0.054601 0.998508
1787961015.122861 6.696178 -0.696562 0.000000 0.000000 0.000000 -0.052355 0.998629
1787961016.125796 7.089299 -0.740822 0.000000 0.000000 0.000000 -0.059849 0.998207
1787961017.223502 7.609470 -0.802973 0.000000 0.000000 0.000000 -0.068143 0.997676
1787961018.323368 8.065016 -0.871025 0.000000 0.000000 0.000000 -0.076462 0.997072
1787961019.522766 8.637695 -0.971838 0.000000 0.000000 0.000000 -0.101498 0.994836
1787961020.622729 9.102867 -1.072528 0.000000 0.000000 0.000000 -0.110493 0.993877
1787961021.623009 9.540091 -1.173204 0.000000 0.000000 0.000000 -0.114135 0.993465
1787961022.722911 10.009996 -1.276608 0.000000 0.000000 0.000000 -0.104166 0.994560
1787961023.723195 10.435879 -1.369991 0.000000 0.000000 0.000000 -0.113033 0.993591
1787961024.823050 10.577353 -1.402761 0.000000 0.000000 0.000000 -0.114782 0.993391
1787961030.423068 10.924691 -1.493037 0.000000 0.000000 0.000000 -0.136626 0.990623
1787961031.622955 11.379706 -1.621601 0.000000 0.000000 0.000000 -0.136210 0.990680
1787961032.822879 11.942230 -1.753941 0.000000 0.000000 0.000000 -0.061323 0.998118
1787961033.922740 12.390885 -1.717666 0.000000 0.000000 0.000000 0.105239 0.994447
1787961036.322750 12.374827 -1.709408 0.000000 0.000000 0.000000 0.051419 0.998677
1787961042.522809 12.580721 -1.688338 0.000000 0.000000 0.000000 0.051288 0.998684
1787961046.622915 12.941671 -1.658401 0.000000 0.000000 0.000000 0.034327 0.999411
1787961047.623024 13.234582 -1.648178 0.000000 0.000000 0.000000 0.007449 0.999972
1787961048.722754 13.603669 -1.661301 0.000000 0.000000 0.000000 -0.054019 0.998540
1787961049.722840 13.922732 -1.705502 0.000000 0.000000 0.000000 -0.079861 0.996806
1787961050.822876 14.262703 -1.761350 0.000000 0.000000 0.000000 -0.085152 0.996368
1787961052.122701 14.660143 -1.838898 0.000000 0.000000 0.000000 -0.105809 0.994386
1787961053.222831 14.955014 -1.904980 0.000000 0.000000 0.000000 -0.115363 0.993323
1787961054.222914 15.264703 -1.976247 0.000000 0.000000 0.000000 -0.108361 0.994112
1787961055.322887 15.619346 -2.048343 0.000000 0.000000 0.000000 -0.095104 0.995467
1787961056.422737 15.978472 -2.119350 0.000000 0.000000 0.000000 -0.103830 0.994595
1787961057.522784 16.264656 -2.182276 0.000000 0.000000 0.000000 -0.109246 0.994015
1787961058.622720 16.605032 -2.264846 0.000000 0.000000 0.000000 -0.126288 0.991994
1787961059.622743 16.905224 -2.341240 0.000000 0.000000 0.000000 -0.135089 0.990833
1787961060.823466 17.246742 -2.446514 0.000000 0.000000 0.000000 -0.157273 0.987555
1787961061.924093 17.581892 -2.552917 0.000000 0.000000 0.000000 -0.145730 0.989324
1787961063.022776 17.870203 -2.638916 0.000000 0.000000 0.000000 -0.141659 0.989916
1787961064.122761 18.238314 -2.745628 0.000000 0.000000 0.000000 -0.138489 0.990364
1787961065.422826 18.445824 -2.802650 0.000000 0.000000 0.000000 -0.131950 0.991256
1787961085.523043 18.633791 -2.846116 0.000000 0.000000 0.000000 -0.106043 0.994362
1787961086.622742 18.961037 -2.911020 0.000000 0.000000 0.000000 -0.086749 0.996230
1787961087.622951 19.269690 -2.955379 0.000000 0.000000 0.000000 -0.069966 0.997549
1787961088.722688 19.605066 -2.999543 0.000000 0.000000 0.000000 -0.062669 0.998034
1787961089.722841 19.908819 -3.033974 0.000000 0.000000 0.000000 -0.059532 0.998226
1787961091.022785 20.298183 -3.088924 0.000000 0.000000 0.000000 -0.074009 0.997258
1787961092.023198 20.671667 -3.146442 0.000000 0.000000 0.000000 -0.078390 0.996923
1787961093.023222 20.984612 -3.195513 0.000000 0.000000 0.000000 -0.078409 0.996921
1787961094.122762 21.506504 -3.295237 0.000000 0.000000 0.000000 -0.105072 0.994465
1787961095.122797 21.909527 -3.386959 0.000000 0.000000 0.000000 -0.118917 0.992904
1787961096.222878 22.411005 -3.506299 0.000000 0.000000 0.000000 -0.104839 0.994489
1787961097.223020 22.846510 -3.594722 0.000000 0.000000 0.000000 -0.091965 0.995762
1787961098.322738 23.303156 -3.671183 0.000000 0.000000 0.000000 -0.077936 0.996958
1787961099.323590 23.700609 -3.734915 0.000000 0.000000 0.000000 -0.072175 0.997392
1787961100.422943 24.152422 -3.799434 0.000000 0.000000 0.000000 -0.068458 0.997654
1787961101.522887 24.548744 -3.859931 0.000000 0.000000 0.000000 -0.081629 0.996663
1787961106.022736 24.879662 -3.938104 0.000000 0.000000 0.000000 -0.118872 0.992910
1787961107.023166 25.289211 -3.982869 0.000000 0.000000 0.000000 0.034370 0.999409
1787961108.123120 25.738483 -3.895487 0.000000 0.000000 0.000000 0.130530 0.991444
1787961109.422742 26.295107 -3.798466 0.000000 0.000000 0.000000 -0.001991 0.999998
1787961110.422839 26.744116 -3.836154 0.000000 0.000000 0.000000 -0.063102 0.998007
1787961111.522731 27.224134 -3.892369 0.000000 0.000000 0.000000 -0.056708 0.998391
1787961112.522998 27.676542 -3.951763 0.000000 0.000000 0.000000 -0.082015 0.996631
1787961113.623039 28.102304 -4.029933 0.000000 0.000000 0.000000 -0.092047 0.995755
1787961114.722916 28.579638 -4.116878 0.000000 0.000000 0.000000 -0.087561 0.996159
1787961115.822763 29.059446 -4.194881 0.000000 0.000000 0.000000 -0.076111 0.997099
1787961116.922808 29.562202 -4.277777 0.000000 0.000000 0.000000 -0.091991 0.995760
1787961118.022721 30.060738 -4.385744 0.000000 0.000000 0.000000 -0.111890 0.993721
1787961119.022728 30.468239 -4.477711 0.000000 0.000000 0.000000 -0.100654 0.994922
1787961120.022762 30.906258 -4.552308 0.000000 0.000000 0.000000 -0.079923 0.996801
1787961121.022845 31.339260 -4.624460 0.000000 0.000000 0.000000 -0.086181 0.996280
1787961122.023015 31.763069 -4.705669 0.000000 0.000000 0.000000 -0.097775 0.995209
1787961123.122738 32.240459 -4.797024 0.000000 0.000000 0.000000 -0.096361 0.995346
1787961124.122760 32.698364 -4.890120 0.000000 0.000000 0.000000 -0.099226 0.995065
1787961125.222780 33.107040 -4.981110 0.000000 0.000000 0.000000 -0.117508 0.993072
1787961126.322749 33.581478 -5.099974 0.000000 0.000000 0.000000 -0.136944 0.990579
1787961127.322814 34.015713 -5.228850 0.000000 0.000000 0.000000 -0.148596 0.988898
1787961128.323340 34.402977 -5.345161 0.000000 0.000000 0.000000 -0.141985 0.989869
1787961129.422966 34.879616 -5.482358 0.000000 0.000000 0.000000 -0.133311 0.991074
1787961130.522768 35.351383 -5.620355 0.000000 0.000000 0.000000 -0.149677 0.988735
1787961131.722715 35.854591 -5.787239 0.000000 0.000000 0.000000 -0.163150 0.986601
1787961132.822927 36.261978 -5.930277 0.000000 0.000000 0.000000 -0.168707 0.985666

1787961133.922746 36.733238 -6.092486 0.000000 0.000000 0.000000 -0.158325 0.987387
1787961134.922746 37.164513 -6.217952 0.000000 0.000000 0.000000 -0.126087 0.992019
1787961136.022933 37.576912 -6.307337 0.000000 0.000000 0.000000 -0.092684 0.995696

1787961137.023912 38.066990 -6.380803 0.000000 0.000000 0.000000 -0.064834 0.997896
1787961138.122818 38.496422 -6.434031 0.000000 0.000000 0.000000 -0.063535 0.997980
1787961139.222723 38.962315 -6.494487 0.000000 0.000000 0.000000 -0.069351 0.997592
# 1er GIRO IZQUIERDA  
1787961140.222748 39.407871 -6.556553 0.000000 0.000000 0.000000 -0.065485 0.997854
1787961141.222814 39.844536 -6.622646 0.000000 0.000000 0.000000 -0.087799 0.996138
1787961142.322777 40.301083 -6.699477 0.000000 0.000000 0.000000 -0.076494 0.997070
1787961143.323068 40.739536 -6.760221 0.000000 0.000000 0.000000 -0.063446 0.997985
1787961144.323172 41.149517 -6.818929 0.000000 0.000000 0.000000 -0.074796 0.997199
1787961145.422779 41.610764 -6.892580 0.000000 0.000000 0.000000 -0.076991 0.997032
1787961147.622719 41.589546 -6.897645 0.000000 0.000000 0.000000 0.218535 0.975829
1787961148.622720 41.567081 -6.916133 0.000000 0.000000 0.000000 0.465338 0.885133
1787961149.622730 41.564884 -6.916954 0.000000 0.000000 0.000000 0.636003 0.771686
1787961151.623250 41.594215 -6.797008 0.000000 0.000000 0.000000 0.615020 0.788511
1787961152.722792 41.683300 -6.398702 0.000000 0.000000 0.000000 0.649768 0.760133
1787961153.822762 41.704254 -6.287862 0.000000 0.000000 0.000000 0.616782 0.787134
1787961156.222839 41.775906 -6.017179 0.000000 0.000000 0.000000 0.609667 0.792657
1787961157.322828 41.876869 -5.516753 0.000000 0.000000 0.000000 0.653759 0.756703
1787961158.323166 41.939270 -5.075679 0.000000 0.000000 0.000000 0.660000 0.751266
1787961159.422921 41.992027 -4.616707 0.000000 0.000000 0.000000 0.667282 0.744806
1787961160.522875 42.044933 -4.170229 0.000000 0.000000 0.000000 0.672812 0.739813
1787961161.722759 42.090454 -3.635295 0.000000 0.000000 0.000000 0.672809 0.739816

# FIN 1ER GIRO IZQUIERDA

1787961162.722759 42.137253 -3.196177 0.000000 0.000000 0.000000 0.666098 0.745864
1787961163.823063 42.197075 -2.736848 0.000000 0.000000 0.000000 0.654809 0.755794
1787961164.922827 42.266174 -2.262747 0.000000 0.000000 0.000000 0.651813 0.758380
1787961165.922880 42.328606 -1.842195 0.000000 0.000000 0.000000 0.655141 0.755507
1787961166.923428 42.388638 -1.403579 0.000000 0.000000 0.000000 0.660292 0.751009
1787961168.022923 42.437202 -0.964237 0.000000 0.000000 0.000000 0.673539 0.739152
1787961169.122922 42.478249 -0.434510 0.000000 0.000000 0.000000 0.683508 0.729944
1787961170.222769 42.487503 0.039864 0.000000 0.000000 0.000000 0.713530 0.700625
1787961171.222823 42.478436 0.407559 0.000000 0.000000 0.000000 0.719667 0.694319
1787961172.322883 42.457348 0.890521 0.000000 0.000000 0.000000 0.722743 0.691117
1787961173.323508 42.437279 1.390684 0.000000 0.000000 0.000000 0.715084 0.699039
1787961174.523093 42.442608 1.909825 0.000000 0.000000 0.000000 0.698851 0.715267
1787961175.622748 42.456104 2.353732 0.000000 0.000000 0.000000 0.693276 0.720672
1787961176.622955 42.471123 2.797324 0.000000 0.000000 0.000000 0.697105 0.716969
1787961177.722711 42.487816 3.265243 0.000000 0.000000 0.000000 0.693388 0.720564
1787961178.722748 42.503990 3.716879 0.000000 0.000000 0.000000 0.694823 0.719181
1787961179.822718 42.513287 4.210796 0.000000 0.000000 0.000000 0.704554 0.709650
1787961180.823322 42.506336 4.663538 0.000000 0.000000 0.000000 0.716929 0.697146
1787961181.923071 42.483364 5.139014 0.000000 0.000000 0.000000 0.727118 0.686512
1787961183.222746 42.460037 5.722952 0.000000 0.000000 0.000000 0.716637 0.697446
1787961184.322715 42.448536 6.224343 0.000000 0.000000 0.000000 0.714736 0.699394
1787961185.322820 42.437817 6.645372 0.000000 0.000000 0.000000 0.718646 0.695376

# MITAD PASILLO
1787961186.422773 42.421997 7.148550 0.000000 0.000000 0.000000 0.718149 0.695889
1787961187.422874 42.406704 7.587972 0.000000 0.000000 0.000000 0.719408 0.694588
1787961188.529256 42.391003 8.007197 0.000000 0.000000 0.000000 0.720751 0.693194
1787961189.823287 42.367233 8.611097 0.000000 0.000000 0.000000 0.724221 0.689568
1787961190.922800 42.334858 9.075677 0.000000 0.000000 0.000000 0.732982 0.680248
1787961192.022801 42.306641 9.515997 0.000000 0.000000 0.000000 0.724314 0.689470
1787961193.322741 42.270695 10.150940 0.000000 0.000000 0.000000 0.727814 0.685774
1787961194.322811 42.241840 10.592276 0.000000 0.000000 0.000000 0.727197 0.686429
1787961195.325768 42.217800 11.031281 0.000000 0.000000 0.000000 0.729910 0.683543
1787961196.523122 42.191578 11.494410 0.000000 0.000000 0.000000 0.722367 0.691509
1787961197.622749 42.178532 12.009899 0.000000 0.000000 0.000000 0.712106 0.702072
1787961198.622877 42.178398 12.458641 0.000000 0.000000 0.000000 0.707966 0.706247
1787961199.722797 42.182739 12.945478 0.000000 0.000000 0.000000 0.704868 0.709339
1787961200.823356 42.181362 13.351588 0.000000 0.000000 0.000000 0.707452 0.706762
1787961202.122835 42.177605 13.912991 0.000000 0.000000 0.000000 0.709553 0.704652
1787961203.122947 42.167091 14.368405 0.000000 0.000000 0.000000 0.719732 0.694252
1787961204.123285 42.144451 14.809614 0.000000 0.000000 0.000000 0.730810 0.682581
1787961205.222831 42.104961 15.277172 0.000000 0.000000 0.000000 0.734915 0.678160
1787961206.322841 42.075508 15.733974 0.000000 0.000000 0.000000 0.728372 0.685182
1787961207.422781 42.032475 16.222843 0.000000 0.000000 0.000000 0.744913 0.667161
1787961208.522755 41.986126 16.699999 0.000000 0.000000 0.000000 0.737923 0.674885
1787961209.522840 41.945328 17.163141 0.000000 0.000000 0.000000 0.731063 0.682310
1787961210.722800 41.905357 17.699656 0.000000 0.000000 0.000000 0.734938 0.678135
1787961211.723125 41.867626 18.139299 0.000000 0.000000 0.000000 0.736905 0.675996
1787961212.823142 41.834824 18.611458 0.000000 0.000000 0.000000 0.731308 0.682048

# COMIENZO GIRO IZQUIERDA
1787961213.922753 41.787445 19.114393 0.000000 0.000000 0.000000 0.741039 0.671462
1787961214.922760 41.750698 19.536745 0.000000 0.000000 0.000000 0.734510 0.678598
1787961215.923031 41.708763 20.020155 0.000000 0.000000 0.000000 0.738889 0.673827
1787961217.022698 41.664864 20.502438 0.000000 0.000000 0.000000 0.736711 0.676208
1787961218.022726 41.633804 20.879225 0.000000 0.000000 0.000000 0.733660 0.679517
1787961219.023249 41.591679 21.372728 0.000000 0.000000 0.000000 0.739505 0.673151
1787961220.122885 41.541538 21.862925 0.000000 0.000000 0.000000 0.744331 0.667811
1787961221.322785 41.500633 22.324806 0.000000 0.000000 0.000000 0.733909 0.679248
1787961223.422766 41.500019 22.361341 0.000000 0.000000 0.000000 0.799313 0.600915
1787961224.422935 41.506927 22.345018 0.000000 0.000000 0.000000 0.907060 0.421002
1787961225.522747 41.508068 22.342966 0.000000 0.000000 0.000000 0.987924 0.154937
1787961227.623006 41.463200 22.363338 0.000000 0.000000 0.000000 0.977541 0.210746
1787961228.722728 41.156872 22.506571 0.000000 0.000000 0.000000 0.975470 0.220133
1787961229.722827 40.788204 22.630350 0.000000 0.000000 0.000000 0.996554 0.082941
1787961230.722928 40.359924 22.644802 0.000000 0.000000 0.000000 0.999836 -0.018106
1787961231.722980 39.911568 22.652987 0.000000 0.000000 0.000000 0.998913 0.046614
1787961232.822762 39.427322 22.718245 0.000000 0.000000 0.000000 0.997201 0.074772
1787961233.822879 38.990589 22.777966 0.000000 0.000000 0.000000 0.998402 0.056512
1787961234.923044 38.521725 22.817810 0.000000 0.000000 0.000000 0.999714 0.023915
# FIN GIRO IZQUIERDA


1787961235.923148 38.079475 22.837835 0.000000 0.000000 0.000000 0.999848 0.017441
1787961237.023049 37.599220 22.849380 0.000000 0.000000 0.000000 0.999969 0.007855
1787961238.322843 37.037388 22.839140 0.000000 0.000000 0.000000 0.999827 -0.018619
1787961239.422921 36.588165 22.817816 0.000000 0.000000 0.000000 0.999661 -0.026022
1787961240.522742 36.068352 22.795547 0.000000 0.000000 0.000000 0.999875 -0.015807
1787961241.522753 35.653595 22.786350 0.000000 0.000000 0.000000 0.999958 -0.009138
1787961242.523030 35.213634 22.774866 0.000000 0.000000 0.000000 0.999898 -0.014277
1787961243.523299 34.764256 22.756073 0.000000 0.000000 0.000000 0.999555 -0.029842
1787961244.622684 34.259491 22.731655 0.000000 0.000000 0.000000 0.999806 -0.019719
1787961245.622699 33.834976 22.714180 0.000000 0.000000 0.000000 0.999706 -0.024243
1787961246.622797 33.411179 22.686848 0.000000 0.000000 0.000000 0.999311 -0.037114
1787961247.622803 32.993965 22.648527 0.000000 0.000000 0.000000 0.998573 -0.053399
1787961248.922717 32.364002 22.582539 0.000000 0.000000 0.000000 0.999071 -0.043105
1787961250.023030 31.937084 22.542353 0.000000 0.000000 0.000000 0.998600 -0.052900
1787961251.124127 31.415321 22.491938 0.000000 0.000000 0.000000 0.999258 -0.038512
1787961252.222753 30.940180 22.464334 0.000000 0.000000 0.000000 0.999649 -0.026501
1787961253.522816 30.365198 22.434885 0.000000 0.000000 0.000000 0.999831 -0.018362
1787961254.522920 29.922050 22.413225 0.000000 0.000000 0.000000 0.999688 -0.024987
1787961255.622814 29.435825 22.389845 0.000000 0.000000 0.000000 0.999620 -0.027557
1787961256.722816 28.962332 22.355270 0.000000 0.000000 0.000000 0.998738 -0.050225

# MITAD PASILLO 
1787961257.722947 28.579874 22.303785 0.000000 0.000000 0.000000 0.996950 -0.078039

1787961258.723301 28.173702 22.237959 0.000000 0.000000 0.000000 0.996690 -0.081297
1787961259.922962 27.634039 22.149387 0.000000 0.000000 0.000000 0.996866 -0.079112
1787961260.923076 27.182581 22.077757 0.000000 0.000000 0.000000 0.997214 -0.074593
1787961262.022735 26.700489 22.001358 0.000000 0.000000 0.000000 0.996939 -0.078181
1787961263.022843 26.262390 21.938782 0.000000 0.000000 0.000000 0.997804 -0.066236
1787961264.322815 25.726589 21.835266 0.000000 0.000000 0.000000 0.993556 -0.113342
1787961265.422753 25.293163 21.766727 0.000000 0.000000 0.000000 0.999537 -0.030419
1787961266.423381 24.948620 21.753374 0.000000 0.000000 0.000000 0.999847 -0.017517
1787961268.622771 24.733120 21.740036 0.000000 0.000000 0.000000 0.998438 -0.055873
1787961269.622794 24.314642 21.696594 0.000000 0.000000 0.000000 0.998760 -0.049781
1787961270.722739 23.904631 21.656199 0.000000 0.000000 0.000000 0.998501 -0.054731
1787961271.722745 23.467777 21.613153 0.000000 0.000000 0.000000 0.999062 -0.043303
1787961272.722775 23.029156 21.574316 0.000000 0.000000 0.000000 0.999005 -0.044607
1787961273.723442 22.589315 21.535385 0.000000 0.000000 0.000000 0.999055 -0.043475
1787961274.822885 22.117565 21.464504 0.000000 0.000000 0.000000 0.994838 -0.101478
1787961276.022750 21.575975 21.336519 0.000000 0.000000 0.000000 0.993482 -0.113987
1787961277.122790 21.122112 21.238075 0.000000 0.000000 0.000000 0.994919 -0.100677
1787961278.222799 20.631807 21.143560 0.000000 0.000000 0.000000 0.995907 -0.090388
1787961279.222900 20.189363 21.058811 0.000000 0.000000 0.000000 0.995459 -0.095194
1787961280.322725 19.719408 20.974438 0.000000 0.000000 0.000000 0.996688 -0.081317
1787961281.322811 19.286989 20.911547 0.000000 0.000000 0.000000 0.997967 -0.063730
1787961282.322897 18.852579 20.857044 0.000000 0.000000 0.000000 0.998241 -0.059288
1787961283.422882 18.392633 20.809141 0.000000 0.000000 0.000000 0.999114 -0.042080
1787961284.622752 17.854570 20.760784 0.000000 0.000000 0.000000 0.998995 -0.044828
1787961285.622770 17.398546 20.727982 0.000000 0.000000 0.000000 0.999503 -0.031523

# INICIO SEGUNDO GIRO
1787961286.722751 16.960108 20.706266 0.000000 0.000000 0.000000 0.999815 -0.019256
1787961287.722780 16.536476 20.688890 0.000000 0.000000 0.000000 0.999771 -0.021408
1787961288.822859 16.033194 20.672651 0.000000 0.000000 0.000000 0.999888 -0.014970
1787961289.923237 15.553737 20.650576 0.000000 0.000000 0.000000 0.999631 -0.027148
1787961291.023842 15.097227 20.618065 0.000000 0.000000 0.000000 0.999018 -0.044308
1787961292.322924 14.485489 20.571363 0.000000 0.000000 0.000000 0.999611 -0.027884
1787961293.422924 14.004799 20.553141 0.000000 0.000000 0.000000 0.999884 -0.015249
1787961294.523278 13.559004 20.540205 0.000000 0.000000 0.000000 0.999961 -0.008806
1787961295.622990 13.064864 20.533100 0.000000 0.000000 0.000000 0.999944 -0.010545
1787961296.922973 12.593660 20.531881 0.000000 0.000000 0.000000 0.999533 0.030556
1787961297.923108 12.592772 20.531940 0.000000 0.000000 0.000000 0.996245 -0.086577
1787961299.023073 12.613516 20.539169 0.000000 0.000000 0.000000 0.981960 -0.189087
1787961301.122976 12.343330 20.435026 0.000000 0.000000 0.000000 0.984459 -0.175615
1787961303.223039 12.262769 20.410233 0.000000 0.000000 0.000000 0.921993 -0.387205
1787961304.322777 12.264456 20.411629 0.000000 0.000000 0.000000 0.895659 -0.444741
1787961305.322817 12.156115 20.270313 0.000000 0.000000 0.000000 0.894987 -0.446092
1787961306.322857 11.976995 19.956068 0.000000 0.000000 0.000000 -0.824375 0.566044
1787961307.323297 11.903892 19.521767 0.000000 0.000000 0.000000 -0.714896 0.699231
1787961308.422893 11.896371 19.032946 0.000000 0.000000 0.000000 -0.730379 0.683042
1787961309.622773 11.837615 18.501976 0.000000 0.000000 0.000000 -0.747846 0.663873
1787961310.722747 11.807138 17.986135 0.000000 0.000000 0.000000 -0.713946 0.700200
1787961311.722758 11.801777 17.570183 0.000000 0.000000 0.000000 -0.709423 0.704783
# GIRO IZQUIERDA

1787961312.822829 11.805485 17.123405 0.000000 0.000000 0.000000 -0.699516 0.714617
1787961313.823203 11.831996 16.631609 0.000000 0.000000 0.000000 -0.680629 0.732628
1787961314.923050 11.865445 16.153452 0.000000 0.000000 0.000000 -0.684754 0.728775
1787961316.022713 11.896407 15.731298 0.000000 0.000000 0.000000 -0.681410 0.731902
1787961317.022753 11.935084 15.282005 0.000000 0.000000 0.000000 -0.672727 0.739891
1787961318.022777 11.966766 14.847805 0.000000 0.000000 0.000000 -0.688448 0.725286
1787961319.022838 11.987372 14.400264 0.000000 0.000000 0.000000 -0.687517 0.726168
1787961320.022931 12.021884 13.950706 0.000000 0.000000 0.000000 -0.679003 0.734135
1787961321.423313 12.063375 13.346183 0.000000 0.000000 0.000000 -0.681743 0.731592
1787961322.523339 12.103141 12.891916 0.000000 0.000000 0.000000 -0.671676 0.740845
1787961323.622984 12.151956 12.463665 0.000000 0.000000 0.000000 -0.658989 0.752152
1787961324.822791 12.240695 11.857606 0.000000 0.000000 0.000000 -0.650599 0.759422
1787961325.922750 12.308482 11.424885 0.000000 0.000000 0.000000 -0.654287 0.756247
1787961327.022835 12.378194 10.935534 0.000000 0.000000 0.000000 -0.656292 0.754507

# PASILLO
1787961328.422757 12.481101 10.304839 0.000000 0.000000 0.000000 -0.642326 0.766431



1787961329.523270 12.554354 9.875669 0.000000 0.000000 0.000000 -0.649062 0.760736
1787961330.623158 12.624974 9.423698 0.000000 0.000000 0.000000 -0.647237 0.762289
1787961331.722838 12.724569 8.890048 0.000000 0.000000 0.000000 -0.632550 0.774519
1787961332.822813 12.810326 8.470595 0.000000 0.000000 0.000000 -0.627765 0.778403
1787961333.922816 12.911905 7.993148 0.000000 0.000000 0.000000 -0.626566 0.779369
1787961335.222816 13.025533 7.447601 0.000000 0.000000 0.000000 -0.635571 0.772042
1787961336.223387 13.112154 7.007619 0.000000 0.000000 0.000000 -0.628609 0.777722
1787961337.324042 13.229480 6.534837 0.000000 0.000000 0.000000 -0.605664 0.795721
1787961338.422972 13.362777 6.067755 0.000000 0.000000 0.000000 -0.601308 0.799017
1787961339.722706 13.527785 5.520595 0.000000 0.000000 0.000000 -0.590980 0.806687
1787961340.722788 13.659988 5.131970 0.000000 0.000000 0.000000 -0.580228 0.814454
1787961341.822731 13.706023 4.995596 0.000000 0.000000 0.000000 -0.585680 0.810542
1787961343.822921 13.787841 4.743261 0.000000 0.000000 0.000000 -0.588306 0.808638
1787961344.922781 13.936170 4.326290 0.000000 0.000000 0.000000 -0.557238 0.830353
1787961346.023087 14.171747 3.843825 0.000000 0.000000 0.000000 -0.507992 0.861362

# INICIO DE GIRO
1787961347.323635 14.404680 3.338563 0.000000 0.000000 0.000000 -0.551304 0.834304
1787961348.422743 14.574993 2.942468 0.000000 0.000000 0.000000 -0.538861 0.842395
1787961349.422779 14.793701 2.546609 0.000000 0.000000 0.000000 -0.484016 0.875059
1787961058.622720 16.605032 -2.264846 0.000000 0.000000 0.000000 -0.126288 0.991994
1787961008.522816 4.056083 -0.340229 0.000000 0.000000 0.000000 -0.074953 0.997187
