#timestamp x y z qx qy qz qw
1787959824.834382 0.000000 -0.000000 0.000000 0.000000 -0.000000 -0.000000 1.000000
1787959858.334780 0.666440 -0.072724 0.000000 0.000000 0.000000 -0.054838 0.998495
1787959859.534394 0.977984 -0.114040 0.000000 0.000000 0.000000 -0.073281 0.997311
1787959863.734667 1.186513 -0.148433 0.000000 0.000000 0.000000 -0.083032 0.996547
1787959864.834548 1.705799 -0.234674 0.000000 0.000000 0.000000 -0.076837 0.997044
1787959865.934451 2.181574 -0.305839 0.000000 0.000000 0.000000 -0.074899 0.997191
1787959867.034363 2.744388 -0.422208 0.000000 0.000000 0.000000 -0.116139 0.993233
1787959868.034494 3.248761 -0.533366 0.000000 0.000000 0.000000 -0.103110 0.994670
1787959869.134361 3.780922 -0.642179 0.000000 0.000000 0.000000 -0.102668 0.994716
1787959870.134405 4.275388 -0.766295 0.000000 0.000000 0.000000 -0.129074 0.991635
1787959871.334835 4.907565 -0.940098 0.000000 0.000000 0.000000 -0.137224 0.990540
1787959872.537619 5.436039 -1.082048 0.000000 0.000000 0.000000 -0.121115 0.992638
1787959873.634433 5.994380 -1.164522 0.000000 0.000000 0.000000 -0.017824 0.999841
1787959874.734504 6.432573 -1.167024 0.000000 0.000000 0.000000 0.009920 0.999951
1787959876.034372 7.192976 -1.152048 0.000000 0.000000 0.000000 -0.003148 0.999995
1787959877.134348 7.731626 -1.165764 0.000000 0.000000 0.000000 -0.019849 0.999803
1787959878.134381 8.254507 -1.195711 0.000000 0.000000 0.000000 -0.033984 0.999422
1787959879.134690 8.780287 -1.234765 0.000000 0.000000 0.000000 -0.045008 0.998987
1787959880.234549 9.336928 -1.288966 0.000000 0.000000 0.000000 -0.048939 0.998802
1787959881.334450 9.886539 -1.343667 0.000000 0.000000 0.000000 -0.050517 0.998723
1787959882.634455 10.556190 -1.421825 0.000000 0.000000 0.000000 -0.058636 0.998279
1787959883.734416 11.057344 -1.483810 0.000000 0.000000 0.000000 -0.060163 0.998189
1787959884.834495 11.642743 -1.526042 0.000000 0.000000 0.000000 -0.011932 0.999929
1787959885.934380 12.184787 -1.534049 0.000000 0.000000 0.000000 -0.009816 0.999952
1787959886.934845 12.681087 -1.535887 0.000000 0.000000 0.000000 -0.004183 0.999991
1787959888.234789 13.341649 -1.548209 0.000000 0.000000 0.000000 -0.005874 0.999983
1787959889.334558 13.880766 -1.558241 0.000000 0.000000 0.000000 -0.014979 0.999888
1787959890.434376 14.429663 -1.572096 0.000000 0.000000 0.000000 -0.002567 0.999997
1787959913.834353 14.606464 -1.571041 0.000000 0.000000 0.000000 0.009261 0.999957
1787959914.834558 15.144799 -1.583490 0.000000 0.000000 0.000000 -0.028778 0.999586
1787959915.934454 15.727888 -1.632346 0.000000 0.000000 0.000000 -0.050604 0.998719
1787959916.935180 16.424883 -1.721302 0.000000 0.000000 0.000000 -0.075003 0.997183
1787959918.334528 17.273298 -1.857376 0.000000 0.000000 0.000000 -0.084530 0.996421
1787959919.534517 17.971184 -1.973671 0.000000 0.000000 0.000000 -0.076729 0.997052
1787959920.634399 18.712868 -2.060715 0.000000 0.000000 0.000000 -0.046950 0.998897
1787959921.634447 19.342154 -2.075899 0.000000 0.000000 0.000000 0.018143 0.999835
1787959922.634533 19.986809 -2.042134 0.000000 0.000000 0.000000 0.028989 0.999580
1787959923.834451 20.750757 -2.004002 0.000000 0.000000 0.000000 0.017095 0.999854
1787959924.835210 21.260201 -1.992441 0.000000 0.000000 0.000000 0.004809 0.999988
1787959925.934557 21.953253 -2.007416 0.000000 0.000000 0.000000 -0.023630 0.999721
1787959927.034367 22.742886 -2.048412 0.000000 0.000000 0.000000 -0.020510 0.999790
1787959928.034420 23.371286 -2.059093 0.000000 0.000000 0.000000 0.003124 0.999995
1787959929.034583 24.017517 -2.040512 0.000000 0.000000 0.000000 0.020757 0.999785
1787959930.134450 24.715250 -2.004833 0.000000 0.000000 0.000000 0.029293 0.999571
1787959931.134538 25.325510 -1.981810 0.000000 0.000000 0.000000 0.006635 0.999978
1787959932.134612 25.969036 -1.986947 0.000000 0.000000 0.000000 -0.009745 0.999953
1787959933.234600 26.591810 -1.890728 0.000000 0.000000 0.000000 0.189653 0.981851
1787959934.236312 27.165232 -1.612095 0.000000 0.000000 0.000000 0.220052 0.975488
1787959935.334413 27.347387 -1.532663 0.000000 0.000000 0.000000 0.189207 0.981937
1787959937.434376 27.537857 -1.459752 0.000000 0.000000 0.000000 0.178110 0.984011
1787959938.634388 27.806459 -1.355458 0.000000 0.000000 0.000000 0.187883 0.982192
1787959945.534417 27.965012 -1.299818 0.000000 0.000000 0.000000 0.162576 0.986696
1787959946.734356 28.168211 -1.234290 0.000000 0.000000 0.000000 0.150508 0.988609
1787959947.934534 28.788486 -1.058931 0.000000 0.000000 0.000000 0.129120 0.991629
1787959952.134362 28.975426 -1.008382 0.000000 0.000000 0.000000 0.132305 0.991209
1787959953.134367 29.414001 -0.878386 0.000000 0.000000 0.000000 0.147094 0.989123
1787959954.134405 29.752697 -0.769380 0.000000 0.000000 0.000000 0.159857 0.987140
1787959955.236034 30.254055 -0.602038 0.000000 0.000000 0.000000 0.162608 0.986691
1787959956.335032 30.695417 -0.462317 0.000000 0.000000 0.000000 0.144948 0.989439
1787959957.434916 31.144096 -0.336529 0.000000 0.000000 0.000000 0.131288 0.991344
1787959958.534375 31.680918 -0.195984 0.000000 0.000000 0.000000 0.121952 0.992536
1787959959.634534 32.112530 -0.088736 0.000000 0.000000 0.000000 0.123053 0.992400
1787959960.734485 32.554222 0.035875 0.000000 0.000000 0.000000 0.148068 0.988977
1787959961.834423 33.041294 0.184500 0.000000 0.000000 0.000000 0.151800 0.988411
1787959962.934375 33.510765 0.332906 0.000000 0.000000 0.000000 0.150976 0.988537
1787959963.935314 33.931519 0.463166 0.000000 0.000000 0.000000 0.145621 0.989340
1787959965.034580 34.307045 0.584074 0.000000 0.000000 0.000000 0.166296 0.986076
1787959966.334351 34.882420 0.786818 0.000000 0.000000 0.000000 0.165745 0.986169
1787959967.334403 35.267971 0.921049 0.000000 0.000000 0.000000 0.167930 0.985799
1787959968.334414 35.730049 1.084240 0.000000 0.000000 0.000000 0.170796 0.985306
1787959969.334482 36.122368 1.226090 0.000000 0.000000 0.000000 0.173219 0.984883
1787959970.434403 36.569668 1.391105 0.000000 0.000000 0.000000 0.174101 0.984728
1787959971.434406 36.995075 1.545080 0.000000 0.000000 0.000000 0.164085 0.986446
1787959972.534485 37.431355 1.692201 0.000000 0.000000 0.000000 0.164715 0.986341
1787959973.934699 37.998802 1.890578 0.000000 0.000000 0.000000 0.176090 0.984374
1787959975.034489 38.460964 2.062768 0.000000 0.000000 0.000000 0.182128 0.983275
1787959976.134366 38.909874 2.241538 0.000000 0.000000 0.000000 0.191355 0.981521
1787959977.134388 39.323223 2.400131 0.000000 0.000000 0.000000 0.177902 0.984048
1787959978.134411 39.740543 2.551337 0.000000 0.000000 0.000000 0.167707 0.985837
1787959979.234358 40.180096 2.708708 0.000000 0.000000 0.000000 0.172210 0.985060
1787959980.334376 40.604630 2.855164 0.000000 0.000000 0.000000 0.155850 0.987781
1787959981.534405 41.138107 3.022151 0.000000 0.000000 0.000000 0.143545 0.989644
1787959982.634585 41.292480 3.066475 0.000000 0.000000 0.000000 0.136149 0.990688
1787959986.934461 41.259212 3.058590 0.000000 0.000000 0.000000 0.400399 0.916341
1787959988.034346 41.267349 3.066439 0.000000 0.000000 0.000000 0.617507 0.786565
1787959989.034385 41.266109 3.062393 0.000000 0.000000 0.000000 0.710370 0.703828
1787959991.034880 41.265228 3.072916 0.000000 0.000000 0.000000 0.825397 0.564553
1787959993.334430 41.125767 3.422588 0.000000 0.000000 0.000000 0.822368 0.568956
1787959994.434348 40.940132 3.869234 0.000000 0.000000 0.000000 0.842943 0.538003
1787959995.434369 40.764320 4.246977 0.000000 0.000000 0.000000 0.841801 0.539788
1787959996.434386 40.589592 4.651157 0.000000 0.000000 0.000000 0.831439 0.555616
1787959997.534559 40.412750 5.071308 0.000000 0.000000 0.000000 0.834517 0.550982
1787959998.534602 40.240700 5.469611 0.000000 0.000000 0.000000 0.834691 0.550718
1787959999.634451 40.065475 5.884234 0.000000 0.000000 0.000000 0.833602 0.552366
1787960000.934354 39.809006 6.493511 0.000000 0.000000 0.000000 0.831054 0.556191
1787960002.034403 39.650318 6.878509 0.000000 0.000000 0.000000 0.832484 0.554049
1787960003.134367 39.464928 7.304062 0.000000 0.000000 0.000000 0.838839 0.544379
1787960004.134414 39.273708 7.742421 0.000000 0.000000 0.000000 0.832756 0.553641
1787960005.134658 39.107101 8.160119 0.000000 0.000000 0.000000 0.827632 0.561271
1787960006.234813 38.924755 8.589903 0.000000 0.000000 0.000000 0.840049 0.542510
1787960007.334369 38.734467 9.024564 0.000000 0.000000 0.000000 0.836390 0.548134
1787960008.434551 38.534969 9.456713 0.000000 0.000000 0.000000 0.844869 0.534974
1787960009.634364 38.299099 9.934044 0.000000 0.000000 0.000000 0.857477 0.514522
1787960010.634522 38.096024 10.322353 0.000000 0.000000 0.000000 0.851811 0.523849
1787960011.734409 37.884693 10.750301 0.000000 0.000000 0.000000 0.847943 0.530087
1787960012.734766 37.691643 11.154128 0.000000 0.000000 0.000000 0.847528 0.530751
1787960013.834571 37.520916 11.516076 0.000000 0.000000 0.000000 0.839854 0.542813
1787960014.834582 37.324512 11.945166 0.000000 0.000000 0.000000 0.843425 0.537247
1787960015.934415 37.147850 12.326666 0.000000 0.000000 0.000000 0.841743 0.539879
1787960017.034587 36.913147 12.840763 0.000000 0.000000 0.000000 0.835293 0.549805
1787960018.134433 36.762733 13.186874 0.000000 0.000000 0.000000 0.833988 0.551783
1787960019.234369 36.643181 13.475550 0.000000 0.000000 0.000000 0.830001 0.557762
1787960029.135009 36.546265 13.721721 0.000000 0.000000 0.000000 0.825602 0.564253
1787960030.234510 36.371086 14.170873 0.000000 0.000000 0.000000 0.823145 0.567831
1787960031.534431 36.167408 14.700773 0.000000 0.000000 0.000000 0.823542 0.567255
1787960032.634447 36.010078 15.135932 0.000000 0.000000 0.000000 0.814670 0.579925
1787960033.634545 35.870316 15.535200 0.000000 0.000000 0.000000 0.819714 0.572774
1787960034.734537 35.705898 15.970813 0.000000 0.000000 0.000000 0.825690 0.564124
1787960035.834447 35.529556 16.410614 0.000000 0.000000 0.000000 0.834889 0.550418
1787960036.834775 35.345844 16.800024 0.000000 0.000000 0.000000 0.851945 0.523632
1787960037.934688 35.122616 17.235817 0.000000 0.000000 0.000000 0.853155 0.521658
1787960039.234395 34.857121 17.732765 0.000000 0.000000 0.000000 0.853337 0.521359
1787960040.334563 34.636707 18.169706 0.000000 0.000000 0.000000 0.851126 0.524961
1787960041.434435 34.414436 18.613253 0.000000 0.000000 0.000000 0.851692 0.524043
1787960042.434449 34.208527 19.019291 0.000000 0.000000 0.000000 0.852620 0.522531
1787960043.534413 33.998234 19.427614 0.000000 0.000000 0.000000 0.863432 0.504466
1787960044.534541 33.790031 19.795595 0.000000 0.000000 0.000000 0.859574 0.511011
1787960045.534639 33.561459 20.210623 0.000000 0.000000 0.000000 0.862185 0.506594
1787960046.734490 33.304050 20.671228 0.000000 0.000000 0.000000 0.865931 0.500164
1787960047.934430 33.065689 21.072830 0.000000 0.000000 0.000000 0.869580 0.493792
1787960048.934538 32.847088 21.450630 0.000000 0.000000 0.000000 0.863059 0.505102
1787960050.034396 32.609146 21.883673 0.000000 0.000000 0.000000 0.864637 0.502396
1787960051.034399 32.389450 22.273933 0.000000 0.000000 0.000000 0.862236 0.506506
1787960052.034409 32.181190 22.654377 0.000000 0.000000 0.000000 0.859419 0.511273
1787960053.034707 31.983215 23.014782 0.000000 0.000000 0.000000 0.862021 0.506872
1787960054.034868 31.771784 23.386589 0.000000 0.000000 0.000000 0.866925 0.498439
1787960055.134427 31.517265 23.830061 0.000000 0.000000 0.000000 0.857877 0.513856
1787960056.234373 31.303999 24.247862 0.000000 0.000000 0.000000 0.851891 0.523719
1787960057.334417 31.100428 24.664896 0.000000 0.000000 0.000000 0.844842 0.535017
1787960058.534350 30.867004 25.143105 0.000000 0.000000 0.000000 0.850677 0.525689
1787960059.534425 30.652504 25.566208 0.000000 0.000000 0.000000 0.850822 0.525454
1787960060.634787 30.433601 25.996075 0.000000 0.000000 0.000000 0.853704 0.520759
1787960061.634843 30.317810 26.216639 0.000000 0.000000 0.000000 0.857527 0.514439
1787960062.734523 30.016850 26.781813 0.000000 0.000000 0.000000 0.855965 0.517033
1787960063.834421 29.817039 27.183142 0.000000 0.000000 0.000000 0.843544 0.537060
1787960065.134377 29.556503 27.760128 0.000000 0.000000 0.000000 0.840342 0.542057
1787960066.234437 29.360617 28.174372 0.000000 0.000000 0.000000 0.851020 0.525134
1787960067.234536 29.298914 28.296698 0.000000 0.000000 0.000000 0.853900 0.520437
1787960068.734381 29.015322 28.749048 0.000000 0.000000 0.000000 0.910194 0.414182
1787960069.834861 28.902260 28.872650 0.000000 0.000000 0.000000 0.921436 0.388530
1787960073.334341 28.814459 28.950747 0.000000 0.000000 0.000000 0.936078 0.351792
1787960074.334506 28.540766 29.193359 0.000000 0.000000 0.000000 0.933215 0.359318
1787960076.534779 28.487299 29.239763 0.000000 0.000000 0.000000 0.997871 0.065216
1787960077.634821 28.498600 29.242958 0.000000 0.000000 0.000000 0.956668 -0.291181
1787960081.134399 28.323286 29.145403 0.000000 0.000000 0.000000 0.969380 -0.245567
1787960082.234371 27.929930 28.924448 0.000000 0.000000 0.000000 0.967825 -0.251625
1787960083.434375 27.459913 28.663549 0.000000 0.000000 0.000000 0.971396 -0.237464
1787960084.634360 26.993038 28.416447 0.000000 0.000000 0.000000 0.972124 -0.234467
1787960085.634415 26.643639 28.246006 0.000000 0.000000 0.000000 0.975818 -0.218583
1787960086.634453 26.183847 28.038197 0.000000 0.000000 0.000000 0.978426 -0.206597
1787960087.734376 25.756546 27.849213 0.000000 0.000000 0.000000 0.977591 -0.210511
1787960088.734534 25.396931 27.682587 0.000000 0.000000 0.000000 0.976055 -0.217525
1787960090.034390 24.824434 27.414484 0.000000 0.000000 0.000000 0.976035 -0.217615
1787960091.234360 24.418798 27.227591 0.000000 0.000000 0.000000 0.976536 -0.215354
1787960092.337868 23.940262 27.003942 0.000000 0.000000 0.000000 0.975582 -0.219637
1787960093.434589 23.539858 26.803226 0.000000 0.000000 0.000000 0.972078 -0.234657
1787960094.434603 23.114876 26.566748 0.000000 0.000000 0.000000 0.965956 -0.258706
1787960095.634658 22.673948 26.293566 0.000000 0.000000 0.000000 0.960045 -0.279847
1787960096.734355 22.269590 26.032724 0.000000 0.000000 0.000000 0.958375 -0.285513
1787960097.734427 21.913916 25.801767 0.000000 0.000000 0.000000 0.959934 -0.280227
1787960098.934356 21.520761 25.553291 0.000000 0.000000 0.000000 0.959784 -0.280741
1787960099.934422 21.156513 25.323404 0.000000 0.000000 0.000000 0.960665 -0.277709
1787960100.934888 20.795851 25.091854 0.000000 0.000000 0.000000 0.958744 -0.284270
1787960102.034522 20.346601 24.782452 0.000000 0.000000 0.000000 0.951811 -0.306685
1787960103.134377 19.950027 24.497795 0.000000 0.000000 0.000000 0.951402 -0.307953
1787960104.234463 19.615831 24.243513 0.000000 0.000000 0.000000 0.945016 -0.327023
1787960105.434380 19.150465 23.873806 0.000000 0.000000 0.000000 0.942717 -0.333593
1787960106.534374 18.765957 23.564800 0.000000 0.000000 0.000000 0.944508 -0.328489
1787960107.534385 18.424101 23.285456 0.000000 0.000000 0.000000 0.938575 -0.345076
1787960108.640034 18.060762 22.953629 0.000000 0.000000 0.000000 0.925671 -0.378329
1787960109.736482 17.732168 22.612761 0.000000 0.000000 0.000000 0.918822 -0.394673
1787960111.134402 17.340588 22.189085 0.000000 0.000000 0.000000 0.919003 -0.394250
1787960112.134415 17.043049 21.889313 0.000000 0.000000 0.000000 0.926818 -0.375511
1787960113.234395 16.647671 21.505556 0.000000 0.000000 0.000000 0.926445 -0.376430
1787960114.234742 16.381678 21.249903 0.000000 0.000000 0.000000 0.928801 -0.370580
1787960115.334491 16.017830 20.895947 0.000000 0.000000 0.000000 0.925214 -0.379446
1787960116.434401 15.694460 20.569006 0.000000 0.000000 0.000000 0.923148 -0.384445
1787960117.734598 15.291988 20.153708 0.000000 0.000000 0.000000 0.922181 -0.386758
1787960118.934625 14.933510 19.780132 0.000000 0.000000 0.000000 0.916879 -0.399165
1787960120.034403 14.608874 19.428387 0.000000 0.000000 0.000000 0.919100 -0.394025
1787960121.234376 14.242974 19.059143 0.000000 0.000000 0.000000 0.928348 -0.371711
1787960122.334447 13.886592 18.717190 0.000000 0.000000 0.000000 0.926057 -0.377383
1787960123.434376 13.546505 18.381922 0.000000 0.000000 0.000000 0.923185 -0.384356
1787960124.434440 13.224949 18.034910 0.000000 0.000000 0.000000 0.913556 -0.406713
1787960125.438219 12.912926 17.689783 0.000000 0.000000 0.000000 0.913906 -0.405925
1787960126.534641 12.642199 17.370667 0.000000 0.000000 0.000000 0.902373 -0.430957
1787960127.534717 12.352807 17.010326 0.000000 0.000000 0.000000 0.902853 -0.429949
1787960128.634411 12.042143 16.643234 0.000000 0.000000 0.000000 0.907523 -0.420002
1787960129.734438 11.738732 16.277115 0.000000 0.000000 0.000000 0.905951 -0.423382
1787960131.034364 11.379630 15.853331 0.000000 0.000000 0.000000 0.907765 -0.419478
1787960132.134359 11.070541 15.477809 0.000000 0.000000 0.000000 0.903462 -0.428668
1787960133.134431 10.776559 15.116101 0.000000 0.000000 0.000000 0.903799 -0.427958
1787960134.134547 10.503485 14.801191 0.000000 0.000000 0.000000 0.912267 -0.409597
1787960135.134773 10.204407 14.463955 0.000000 0.000000 0.000000 0.912500 -0.409076
1787960136.234384 9.887041 14.108156 0.000000 0.000000 0.000000 0.912081 -0.410011
1787960137.334393 9.575556 13.764988 0.000000 0.000000 0.000000 0.915796 -0.401644
1787960138.434509 9.214574 13.360496 0.000000 0.000000 0.000000 0.912734 -0.408555
1787960139.834357 8.889835 12.982796 0.000000 0.000000 0.000000 0.904005 -0.427522
1787960140.834363 8.580807 12.594817 0.000000 0.000000 0.000000 0.899010 -0.437927
1787960141.834624 8.338332 12.275398 0.000000 0.000000 0.000000 0.895605 -0.444850
1787960143.034812 7.955802 11.801485 0.000000 0.000000 0.000000 0.905987 -0.423305
1787960144.134390 7.651912 11.438384 0.000000 0.000000 0.000000 0.906980 -0.421173
1787960145.234355 7.350446 11.089577 0.000000 0.000000 0.000000 0.912242 -0.409653
1787960146.234518 7.040748 10.735627 0.000000 0.000000 0.000000 0.907340 -0.420399
1787960147.334613 6.746883 10.373728 0.000000 0.000000 0.000000 0.900245 -0.435384
1787960148.434384 6.554703 10.134724 0.000000 0.000000 0.000000 0.905392 -0.424576
1787960149.534350 6.558033 10.139585 0.000000 0.000000 0.000000 -0.853324 0.521381
1787960150.534863 6.558757 10.141465 0.000000 0.000000 0.000000 -0.638850 0.769331
1787960151.535399 6.556157 10.147327 0.000000 0.000000 0.000000 -0.484339 0.874880
1787960152.734346 6.556882 10.151241 0.000000 0.000000 0.000000 -0.147438 0.989071
1787960156.934453 6.901998 10.034634 0.000000 0.000000 0.000000 -0.165141 0.986270
1787960158.234416 7.318725 9.891118 0.000000 0.000000 0.000000 -0.162007 0.986790
1787960159.235074 7.804413 9.727410 0.000000 0.000000 0.000000 -0.161594 0.986857
1787960160.334392 8.277579 9.567438 0.000000 0.000000 0.000000 -0.173138 0.984898
1787960161.334729 8.644579 9.430058 0.000000 0.000000 0.000000 -0.187902 0.982188
1787960162.634422 9.208287 9.195408 0.000000 0.000000 0.000000 -0.200803 0.979632
1787960163.634429 9.608659 9.011488 0.000000 0.000000 0.000000 -0.216957 0.976181
1787960164.734648 10.010163 8.836274 0.000000 0.000000 0.000000 -0.197657 0.980271
1787960165.834356 10.530734 8.607847 0.000000 0.000000 0.000000 -0.209753 0.977754
1787960166.834733 10.926380 8.425440 0.000000 0.000000 0.000000 -0.213194 0.977010
1787960167.834997 11.307063 8.252201 0.000000 0.000000 0.000000 -0.215867 0.976423
1787960169.134375 11.858705 8.000932 0.000000 0.000000 0.000000 -0.205865 0.978580
1787960170.134422 12.267097 7.830865 0.000000 0.000000 0.000000 -0.190529 0.981682
1787960171.334504 12.706860 7.645341 0.000000 0.000000 0.000000 -0.200586 0.979676
1787960172.434370 13.193423 7.481875 0.000000 0.000000 0.000000 -0.124887 0.992171
1787960173.434450 13.557160 7.399919 0.000000 0.000000 0.000000 -0.106657 0.994296
1787960174.434860 14.025946 7.286355 0.000000 0.000000 0.000000 -0.122259 0.992498
1787960175.534858 14.463831 7.172795 0.000000 0.000000 0.000000 -0.128998 0.991645
1787960176.834398 15.049933 7.012073 0.000000 0.000000 0.000000 -0.142982 0.989725
1787960177.834460 15.486073 6.886245 0.000000 0.000000 0.000000 -0.133320 0.991073
1787960178.834562 15.912985 6.771816 0.000000 0.000000 0.000000 -0.133219 0.991087
1787960179.934520 16.369774 6.647301 0.000000 0.000000 0.000000 -0.133755 0.991014
1787960181.034597 16.817144 6.520459 0.000000 0.000000 0.000000 -0.140261 0.990115
1787960182.134392 17.276728 6.378203 0.000000 0.000000 0.000000 -0.160329 0.987064
1787960183.134775 17.618849 6.270527 0.000000 0.000000 0.000000 -0.147845 0.989011
1787960184.534577 18.262934 6.091498 0.000000 0.000000 0.000000 -0.126551 0.991960
1787960185.634442 18.724825 5.971516 0.000000 0.000000 0.000000 -0.125179 0.992134
1787960186.734398 19.223831 5.838575 0.000000 0.000000 0.000000 -0.131895 0.991264
1787960188.034413 19.750542 5.685296 0.000000 0.000000 0.000000 -0.146004 0.989284
1787960189.134383 20.252651 5.536425 0.000000 0.000000 0.000000 -0.150030 0.988682
1787960190.234423 20.649517 5.413117 0.000000 0.000000 0.000000 -0.150992 0.988535
1787960191.234447 21.111868 5.264642 0.000000 0.000000 0.000000 -0.153219 0.988192
1787960192.234486 21.512184 5.140740 0.000000 0.000000 0.000000 -0.144139 0.989558
1787960193.334501 21.975134 5.000547 0.000000 0.000000 0.000000 -0.148722 0.988879
1787960194.334699 22.394844 4.877959 0.000000 0.000000 0.000000 -0.145168 0.989407
1787960195.434437 22.848785 4.738247 0.000000 0.000000 0.000000 -0.143698 0.989622
1787960196.634512 23.363235 4.637389 0.000000 0.000000 0.000000 -0.046573 0.998915
1787960197.734382 23.848377 4.606395 0.000000 0.000000 0.000000 -0.020699 0.999786
1787960198.834388 24.308603 4.588018 0.000000 0.000000 0.000000 -0.018999 0.999820
1787960199.837763 24.760324 4.574880 0.000000 0.000000 0.000000 -0.011460 0.999934
1787960200.936091 25.212057 4.561063 0.000000 0.000000 0.000000 -0.018439 0.999830
1787960202.134393 25.755402 4.541687 0.000000 0.000000 0.000000 -0.012611 0.999920
1787960203.234396 26.187979 4.519999 0.000000 0.000000 0.000000 -0.033760 0.999430
1787960204.334412 26.725979 4.466667 0.000000 0.000000 0.000000 -0.061889 0.998083
1787960205.434377 27.207096 4.405428 0.000000 0.000000 0.000000 -0.057553 0.998343
1787960206.534352 27.633621 4.357942 0.000000 0.000000 0.000000 -0.055648 0.998450
1787960207.634512 28.155304 4.295713 0.000000 0.000000 0.000000 -0.065561 0.997849
1787960208.634543 28.575380 4.239872 0.000000 0.000000 0.000000 -0.066873 0.997762
1787960209.734587 29.037807 4.172072 0.000000 0.000000 0.000000 -0.076551 0.997066
1787960210.834434 29.450180 4.105707 0.000000 0.000000 0.000000 -0.079529 0.996833
1787960211.934456 29.948595 4.028757 0.000000 0.000000 0.000000 -0.075811 0.997122
1787960213.034450 30.491482 3.927102 0.000000 0.000000 0.000000 -0.106848 0.994275
1787960214.134365 30.785141 3.857625 0.000000 0.000000 0.000000 -0.124883 0.992171
1787960215.234395 31.398445 3.688833 0.000000 0.000000 0.000000 -0.151493 0.988458
1787960216.334347 31.863466 3.550156 0.000000 0.000000 0.000000 -0.140799 0.990038
1787960217.334503 32.271072 3.425830 0.000000 0.000000 0.000000 -0.151447 0.988465
1787960218.334787 32.683109 3.305515 0.000000 0.000000 0.000000 -0.134215 0.990952
1787960219.634546 33.259998 3.135807 0.000000 0.000000 0.000000 -0.157850 0.987463
1787960220.734383 33.699009 2.984237 0.000000 0.000000 0.000000 -0.170473 0.985362
1787960221.834407 34.163261 2.816155 0.000000 0.000000 0.000000 -0.169424 0.985543
1787960223.034367 34.420425 2.727050 0.000000 0.000000 0.000000 -0.164126 0.986439
1787960225.234364 34.770226 2.599388 0.000000 0.000000 0.000000 -0.176359 0.984326
1787960226.334553 35.107269 2.477247 0.000000 0.000000 0.000000 -0.162016 0.986788
1787960228.434456 35.102837 2.478574 0.000000 0.000000 0.000000 -0.229064 0.973411
1787960229.534353 35.377647 2.347205 0.000000 0.000000 0.000000 -0.219044 0.975715
1787960232.634359 35.685692 2.208163 0.000000 0.000000 0.000000 -0.215307 0.976547
1787960233.634392 35.940571 2.053147 0.000000 0.000000 0.000000 -0.348717 0.937228
1787960234.634613 35.953358 2.040409 0.000000 0.000000 0.000000 -0.512586 0.858636
1787960235.734553 35.924068 2.118505 0.000000 0.000000 0.000000 -0.628594 0.777734
1787960238.134412 35.957020 1.958389 0.000000 0.000000 0.000000 -0.632812 0.774305
1787960239.234382 35.993931 1.504442 0.000000 0.000000 0.000000 -0.743372 0.668879
1787960240.234437 35.912762 1.083161 0.000000 0.000000 0.000000 -0.788437 0.615115
1787960241.334444 35.806377 0.610160 0.000000 0.000000 0.000000 -0.762115 0.647441
1787960242.434364 35.735310 0.137698 0.000000 0.000000 0.000000 -0.764750 0.644327
1787960243.434541 35.647102 -0.292154 0.000000 0.000000 0.000000 -0.778234 0.627974
1787960244.434581 35.554932 -0.719076 0.000000 0.000000 0.000000 -0.782935 0.622103
1787960245.734472 35.410717 -1.257064 0.000000 0.000000 0.000000 -0.797566 0.603231
1787960246.834548 35.278381 -1.720137 0.000000 0.000000 0.000000 -0.801979 0.597353
1787960247.934392 35.133591 -2.199775 0.000000 0.000000 0.000000 -0.803258 0.595632
1787960248.934432 35.012287 -2.580478 0.000000 0.000000 0.000000 -0.809794 0.586714
1787960250.134490 34.830677 -3.149076 0.000000 0.000000 0.000000 -0.802075 0.597223
1787960252.234638 34.618149 -3.969573 0.000000 0.000000 0.000000 -0.782881 0.622171
1787960253.334513 34.502224 -4.496410 0.000000 0.000000 0.000000 -0.781398 0.624032
1787960254.434399 34.400070 -4.941634 0.000000 0.000000 0.000000 -0.782051 0.623215
1787960255.434498 34.299988 -5.379277 0.000000 0.000000 0.000000 -0.781780 0.623555
1787960256.534403 34.187454 -5.845944 0.000000 0.000000 0.000000 -0.792015 0.610501
1787960257.934355 34.034050 -6.412799 0.000000 0.000000 0.000000 -0.793408 0.608690
1787960258.934388 33.929436 -6.836081 0.000000 0.000000 0.000000 -0.782725 0.622367
1787960260.034446 33.831978 -7.272524 0.000000 0.000000 0.000000 -0.782123 0.623124
1787960261.034573 33.714767 -7.740872 0.000000 0.000000 0.000000 -0.789036 0.614347
1787960262.134535 33.611958 -8.142389 0.000000 0.000000 0.000000 -0.791819 0.610756
1787960263.234348 33.486637 -8.625286 0.000000 0.000000 0.000000 -0.789748 0.613431
1787960264.234371 33.375370 -9.044049 0.000000 0.000000 0.000000 -0.790599 0.612335
1787960265.234397 33.305054 -9.327046 0.000000 0.000000 0.000000 -0.787102 0.616822
1787960266.234420 33.303413 -9.332579 0.000000 0.000000 0.000000 0.898222 -0.439542
1787960267.334405 33.298912 -9.334697 0.000000 0.000000 0.000000 0.991189 -0.132456
1787960268.634472 33.306171 -9.335868 0.000000 0.000000 0.000000 0.969554 0.244879
1787960269.634482 33.300323 -9.330498 0.000000 0.000000 0.000000 0.871725 0.489995
1787960270.634542 33.302792 -9.339702 0.000000 0.000000 0.000000 0.752284 0.658839
1787960272.834369 33.272877 -9.022530 0.000000 0.000000 0.000000 0.740972 0.671536
1787960274.934474 33.273773 -9.011378 0.000000 0.000000 0.000000 0.668043 0.744123
